[[1727925,37612],
[1783727,0],
[1859258,65],
[2070752,24],
[2321777,15],
[2961123,98],
[2965366,69],
[3002379,66],
[3329283,68],
[3403662,22382],
[3714018,133385],
[4570849,44],
[4825914,2],
[4887918,12],
[4916537,3934],
[4943910,15101],
[4979598,697],
[4997430,1428],
[5067136,32],
[5094543,136],
[5427069,319],
[5496097,80],
[5506916,46],
[5513705,90],
[5515153,31432],
[5599802,44],
[5653878,1070],
[5663292,80095],
[5729324,2832],
[5764260,41968],
[5834656,3060],
[5834850,332],
[5872527,84],
[5950674,200],
[5961942,5068],
[5979486,8]]