platId  type    status  agentId domain

54	3	1	-1	bcpt.688bccp.com
54	1	1	-1	www.688bccp.com
54	1	1	-1	688bccp.com
46	3	1	2309	lbpt.88bccp.com
46	1	1	2260	lb.88bccp.com
48	3	1	-1	sscpt.2373z.com
48	1	1	-1	2373a.com
48	1	1	-1	2373b.com
48	1	1	-1	2373c.com
48	1	1	-1	2373d.com
48	1	1	-1	2373e.com
48	1	1	-1	2373f.com
48	1	1	-1	2373g.com
48	1	1	-1	2373h.com
48	1	1	-1	2373i.com
48	1	1	-1	2373j.com
48	1	1	-1	2373k.com
48	1	1	-1	2373l.com
48	1	1	-1	2373m.com
48	1	1	-1	2373n.com
48	1	1	-1	2373o.com
48	1	1	-1	2373p.com
48	1	1	-1	2373q.com
48	1	1	-1	2373r.com
48	1	1	-1	2373s.com
48	1	1	-1	2373t.com
48	1	1	-1	2373u.com
48	1	1	-1	2373v.com
48	1	1	-1	2373w.com
48	1	1	-1	2373x.com
48	1	1	-1	2373y.com
48	1	1	-1	2373z.com
48	1	1	-1	www.2373a.com
48	1	1	-1	www.2373b.com
48	1	1	-1	www.2373c.com
48	1	1	-1	www.2373d.com
48	1	1	-1	www.2373e.com
48	1	1	-1	www.2373f.com
48	1	1	-1	www.2373g.com
48	1	1	-1	www.2373h.com
48	1	1	-1	www.2373i.com
48	1	1	-1	www.2373j.com
48	1	1	-1	www.2373k.com
48	1	1	-1	www.2373l.com
48	1	1	-1	www.2373m.com
48	1	1	-1	www.2373n.com
48	1	1	-1	www.2373o.com
48	1	1	-1	www.2373p.com
48	1	1	-1	www.2373q.com
48	1	1	-1	www.2373r.com
48	1	1	-1	www.2373s.com
48	1	1	-1	www.2373t.com
48	1	1	-1	www.2373u.com
48	1	1	-1	www.2373v.com
48	1	1	-1	www.2373w.com
48	1	1	-1	www.2373x.com
48	1	1	-1	www.2373y.com
48	1	1	-1	www.2373z.com
48	2	1	-1	agent.2373a.com
48	1	1	2403	101125.com
48	1	1	2404	101129.com
48	1	1	2405	101136.com
48	1	1	2406	101156.com
48	1	1	2407	101220.com
48	1	1	2408	101282.com
48	1	1	2409	101302.com
48	1	1	2410	101363.com
48	1	1	2411	102386.com
48	1	1	2412	102686.com
48	1	1	2413	102816.com
48	1	1	2414	103105.com
48	1	1	2415	103107.com
48	1	1	2416	103186.com
48	1	1	2417	103606.com
48	1	1	2418	103686.com
48	1	1	2419	105583.com
48	1	1	2420	105586.com
48	1	1	2421	105636.com
48	1	1	2422	106036.com
48	1	1	2423	106056.com
48	1	1	2424	106076.com
48	1	1	2503	106096.com
48	1	1	2504	106135.com
48	1	1	2505	106165.com
48	1	1	2506	106167.com
48	1	1	2507	106195.com
48	1	1	2508	106216.com
48	1	1	2509	106235.com
48	1	1	2510	106260.com
48	1	1	2511	106265.com
48	1	1	2512	106267.com
48	1	1	2513	106276.com
48	1	1	2514	106295.com
48	1	1	2515	106316.com
48	1	1	2516	106326.com
48	1	1	2517	106356.com
48	1	1	2518	106367.com
48	1	1	2402	www.101072.com
48	1	1	2403	www.101125.com
48	1	1	2404	www.101129.com
48	1	1	2405	www.101136.com
48	1	1	2406	www.101156.com
48	1	1	2407	www.101220.com
48	1	1	2408	www.101282.com
48	1	1	2409	www.101302.com
48	1	1	2410	www.101363.com
48	1	1	2411	www.102386.com
48	1	1	2412	www.102686.com
48	1	1	2413	www.102816.com
48	1	1	2414	www.103105.com
48	1	1	2415	www.103107.com
48	1	1	2416	www.103186.com
48	1	1	2417	www.103606.com
48	1	1	2418	www.103686.com
48	1	1	2419	www.105583.com
48	1	1	2420	www.105586.com
48	1	1	2421	www.105636.com
48	1	1	2422	www.106036.com
48	1	1	2423	www.106056.com
48	1	1	2424	www.106076.com
48	1	1	2503	www.106096.com
48	1	1	2504	www.106135.com
48	1	1	2505	www.106165.com
48	1	1	2506	www.106167.com
48	1	1	2507	www.106195.com
48	1	1	2508	www.106216.com
48	1	1	2509	www.106235.com
48	1	1	2510	www.106260.com
48	1	1	2511	www.106265.com
48	1	1	2512	www.106267.com
48	1	1	2513	www.106276.com
48	1	1	2514	www.106295.com
48	1	1	2515	www.106316.com
48	1	1	2516	www.106326.com
48	1	1	2517	www.106356.com
48	1	1	2518	www.106367.com
48	1	1	2401	www.101062.com
48	1	1	2402	101072.com
48	1	1	2401	101062.com
52	3	1	-1	szcp111.com
52	3	1	-1	szpt.szcp111.com
52	1	1	-1	7782001.com
52	1	1	-1	www.7782001.com
52	1	1	-1	7782002.com
52	1	1	-1	www.7782002.com
52	1	1	-1	7782003.com
52	1	1	-1	www.7782003.com
52	1	1	-1	7782004.com
52	1	1	-1	www.7782004.com
52	1	1	-1	7782005.com
52	1	1	-1	www.7782005.com
52	1	1	-1	7782006.com
52	1	1	-1	www.7782006.com
52	1	1	-1	7782009.com
52	1	1	-1	www.7782009.com
52	1	1	-1	7782010.com
52	1	1	-1	www.7782010.com
52	1	1	-1	7782011.com
52	1	1	-1	www.7782011.com
52	1	1	-1	7782012.com
52	1	1	-1	www.7782012.com
52	1	1	-1	7782013.com
52	1	1	-1	www.7782013.com
52	1	1	-1	7782014.com
52	1	1	-1	www.7782014.com
52	2	1	-1	109882.com
52	2	1	-1	www.109882.com
52	2	1	-1	109883.com
52	2	1	-1	www.109883.com
52	2	1	-1	130881.com
52	2	1	-1	www.130881.com
52	2	1	-1	130883.com
52	2	1	-1	www.130883.com
52	2	1	-1	132880.com;www.132880.com
52	2	1	-1	150881.com
52	2	1	-1	www.150881.com
52	2	1	-1	150882.com
52	2	1	-1	www.150882.com
52	2	1	-1	150883.com
52	2	1	-1	www.150883.com
52	2	1	-1	151880.com
52	2	1	-1	www.151880.com
52	2	1	-1	160881.com
52	2	1	-1	www.160881.com
52	2	1	-1	160882.com
52	2	1	-1	www.160882.com
52	2	1	-1	160883.com
52	2	1	-1	www.160883.com
52	2	1	-1	170882.com
52	2	1	-1	www.170882.com
52	2	1	-1	171880.com
52	2	1	-1	www.171880.com
52	2	1	-1	173880.com
52	2	1	-1	www.173880.com
52	2	1	-1	190881.com
52	2	1	-1	www.190881.com
52	2	1	-1	190882.com
52	2	1	-1	www.190882.com
52	2	1	-1	190883.com
52	2	1	-1	www.190883.com
52	2	1	-1	192880.com
52	2	1	-1	www.192880.com
52	2	1	-1	195880.com
52	2	1	-1	www.195880.com
52	2	1	-1	196880.com
52	2	1	-1	www.196880.com
52	2	1	-1	197880.com
52	2	1	-1	www.197880.com
52	2	1	-1	201882.com
52	2	1	-1	www.201882.com
52	2	1	-1	202881.com
52	2	1	-1	www.202881.com
52	2	1	-1	202883.com
52	2	1	-1	www.202883.com
52	2	1	-1	203882.com
52	2	1	-1	www.203882.com
52	2	1	-1	205880.com
52	2	1	-1	www.205880.com
52	2	1	-1	205882.com
52	2	1	-1	www.205882.com
52	2	1	-1	205883.com
52	2	1	-1	www.205883.com
52	2	1	-1	206881.com
52	2	1	-1	www.206881.com
52	2	1	-1	206882.com
52	2	1	-1	www.206882.com
52	2	1	-1	206883.com
52	2	1	-1	www.206883.com
52	2	1	-1	207881.com
52	2	1	-1	www.207881.com
52	2	1	-1	207882.com
52	2	1	-1	www.207882.com
52	2	1	-1	209881.com
52	2	1	-1	www.209881.com
52	2	1	-1	209882.com
52	2	1	-1	www.209882.com
52	2	1	-1	210883.com
52	2	1	-1	www.210883.com
52	2	1	-1	212880.com
52	2	1	-1	www.212880.com
52	2	1	-1	215880.com
52	2	1	-1	www.215880.com
52	2	1	-1	216880.com
52	2	1	-1	www.216880.com
52	2	1	-1	217880.com
52	2	1	-1	www.217880.com
52	1	1	-1	7782a.com
52	1	1	-1	www.7782a.com
52	1	1	-1	7782b.com
52	1	1	-1	www.7782b.com
52	1	1	-1	7782c.com
52	1	1	-1	www.7782c.com
52	1	1	-1	7782d.com
52	1	1	-1	www.7782d.com
52	1	1	-1	7782e.com
52	1	1	-1	www.7782e.com
52	1	1	-1	7782f.com
52	1	1	-1	www.7782f.com
52	1	1	-1	7782g.com
52	1	1	-1	www.7782g.com
52	1	1	-1	7782h.com
52	1	1	-1	www.7782h.com
52	1	1	-1	7782i.com
52	1	1	-1	www.7782i.com
52	1	1	-1	7782j.com
52	1	1	-1	www.7782j.com
52	1	1	-1	7782l.com
52	1	1	-1	www.7782l.com
52	1	1	-1	7782m.com
52	1	1	-1	www.7782m.com
52	1	1	-1	7782n.com
52	1	1	-1	www.7782n.com
52	1	1	-1	7782o.com
52	1	1	-1	www.7782o.com
52	1	1	-1	7782p.com
52	1	1	-1	www.7782p.com
52	1	1	-1	7782q.com
52	1	1	-1	www.7782q.com
52	1	1	-1	7782r.com
52	1	1	-1	www.7782r.com
52	1	1	-1	7782s.com
52	1	1	-1	www.7782s.com
52	1	1	-1	7782t.com
52	1	1	-1	www.7782t.com
52	1	1	-1	7782u.com
52	1	1	-1	www.7782u.com
52	1	1	-1	7782w.com
52	1	1	-1	www.7782w.com
52	1	1	-1	7782x.com
52	1	1	-1	www.7782x.com
52	1	1	-1	7782y.com
52	1	1	-1	www.7782y.com
52	1	1	-1	7782z.com
52	1	1	-1	www.7782z.com
52	1	1	-1	7782v.com
52	1	1	-1	www.7782v.com
52	2	1	-1	agent.127880.com
50	3	1	-1	szpt.88bccp.com
50	1	1	-1	sz.88bccp.com
45	1	1	2318	cs.88bccp.com
45	3	1	2275	cspt.88bccp.com
45	1	1	2298	www.baidu.com
45	1	1	-1	sohu.com
45	1	1	-1	www.sohu.com
45	2	1	-1	www.hao123.com
45	1	1	-1	7747a.com:65000
45	2	1	-1	blcagent.88bccp.com
45	1	1	2443	bailecai.88bccp.com
45	1	1	-1	shishicai.88bccp.com
45	1	1	-1	autotest
44	1	1	2244	7747a.com
44	1	1	2244	7747aa.com
44	1	1	-1	7747aaa.com
44	1	1	2245	7747b.com
44	1	1	-1	7747bb.com
44	1	1	-1	7747bbb.com
44	1	1	-1	7747c.com
44	1	1	-1	7747d.com
44	1	1	-1	7747e.com
44	1	1	-1	7747f.com
44	1	1	-1	7747kk.com
44	1	1	-1	7747kkk.com
44	1	1	-1	1007747.com
44	1	1	-1	2007747.com
44	1	1	-1	3007747.com
44	1	1	-1	4007747.com
44	1	1	-1	5007747.com
44	1	1	-1	6007747.com
44	1	1	-1	7007747.com
44	1	1	-1	8007747.com
44	1	1	-1	9007747.com
44	1	1	-1	7747001.com
44	1	1	-1	7747003.com
44	1	1	-1	7747005.com
44	1	1	-1	7747009.com
44	1	1	-1	bailecai.com
44	1	1	-1	blc.bet
44	1	1	-1	blcbet.com
44	1	1	2287	wwwbailecai.com
44	1	1	-1	www-bailecai.com
44	1	1	-1	www-blc7747.com
44	1	1	-1	blc7747.com
44	1	1	-1	7747blc.com
44	1	1	-1	7747002.com
44	1	1	-1	7747004.com
44	1	1	-1	7747006.com
44	1	1	-1	7747008.com
44	1	1	2244	www.7747a.com
44	1	1	2244	www.7747aa.com
44	1	1	-1	www.7747aaa.com
44	1	1	2245	www.7747b.com
44	1	1	-1	www.7747bb.com
44	1	1	-1	www.7747bbb.com
44	1	1	-1	www.7747c.com
44	1	1	-1	www.7747d.com
44	1	1	-1	www.7747e.com
44	1	1	-1	www.7747f.com
44	1	1	-1	www.7747kk.com
44	1	1	-1	www.7747kkk.com
44	1	1	-1	www.1007747.com
44	1	1	-1	www.2007747.com
44	1	1	-1	www.3007747.com
44	1	1	-1	www.4007747.com
44	1	1	-1	www.5007747.com
44	1	1	-1	www.6007747.com
44	1	1	-1	www.7007747.com
44	1	1	-1	www.8007747.com
44	1	1	-1	www.9007747.com
44	1	1	-1	www.7747001.com
44	1	1	-1	www.7747003.com
44	1	1	-1	www.7747005.com
44	1	1	-1	www.7747009.com
44	1	1	-1	www.bailecai.com
44	1	1	-1	www.blc.bet
44	1	1	-1	www.blcbet.com
44	1	1	-1	www.wwwbailecai.com
44	1	1	-1	www.www-bailecai.com
44	1	1	-1	www.www-blc7747.com
44	1	1	-1	www.blc7747.com
44	1	1	-1	www.7747blc.com
44	1	1	-1	www.7747002.com
44	1	1	-1	www.7747004.com
44	1	1	-1	www.7747006.com
44	1	1	-1	www.7747008.com
44	3	1	-1	blcpt.6blc.com
44	1	1	2250	150285.com
44	1	1	2250	www.150285.com
44	1	1	2285	150286.com
44	1	1	2285	www.150286.com
44	1	1	2290	150287.com
44	1	1	2290	www.150287.com
44	1	1	2246	150386.com
44	1	1	2246	www.150386.com
44	1	1	2248	150387.com
44	1	1	2248	www.150387.com
44	1	1	2252	150389.com
44	1	1	2252	www.150389.com
44	1	1	2253	150685.com
44	1	1	2253	www.150685.com
44	1	1	2305	150687.com
44	1	1	2305	www.150687.com
44	1	1	2299	150827.com
44	1	1	2299	www.150827.com
44	1	1	2310	150835.com
44	1	1	2310	www.150835.com
44	1	1	2266	7747g.com
44	1	1	2567	7747h.com
44	1	1	-1	7747i.com
44	1	1	-1	7747j.com
44	1	1	-1	7747l.com
44	1	1	-1	7747m.com
44	1	1	-1	7747n.com
44	1	1	-1	7747o.com
44	1	1	-1	7747p.com
44	1	1	-1	7747q.com
44	1	1	-1	7747r.com
44	1	1	-1	7747s.com
44	1	1	2364	7747t.com
44	1	1	-1	7747u.com
44	1	1	-1	7747v.com
44	1	1	2398	7747w.com
44	1	1	2446	7747x.com
44	1	1	-1	7747y.com
44	1	1	2249	7747z.com
44	1	1	2266	www.7747g.com
44	1	1	2567	www.7747h.com
44	1	1	-1	www.7747i.com
44	1	1	-1	www.7747j.com
44	1	1	-1	www.7747l.com
44	1	1	2364	www.7747m.com
44	1	1	-1	www.7747n.com
44	1	1	-1	www.7747o.com
44	1	1	-1	www.7747p.com
44	1	1	-1	www.7747q.com
44	1	1	-1	www.7747r.com
44	1	1	-1	www.7747s.com
44	1	1	-1	www.7747t.com
44	1	1	-1	www.7747u.com
44	1	1	-1	www.7747v.com
44	1	1	2398	www.7747w.com
44	1	1	2446	www.7747x.com
44	1	1	-1	www.7747y.com
44	1	1	2249	www.7747z.com
44	2	1	-1	agent.blcdl.com
44	1	1	2342	www.160695.com
44	1	1	2324	www.160689.com
44	1	1	2286	www.160687.com
44	1	1	2325	www.160685.com
44	1	1	2340	www.160679.com
44	1	1	2338	www.160675.com
44	1	1	2303	www.160659.com
44	1	1	2341	www.160657.com
44	1	1	2351	www.160639.com
44	1	1	2327	www.160637.com
44	1	1	2348	www.160635.com
44	1	1	2335	www.160596.com
44	1	1	2336	www.160576.com
44	1	1	2330	www.160565.com
44	1	1	2328	www.160536.com
44	1	1	2326	www.160389.com
44	1	1	2347	www.160387.com
44	1	1	2343	www.160386.com
44	1	1	2242	www.160385.com
44	1	1	2350	www.160376.com
44	1	1	2332	www.160367.com
44	1	1	2333	www.160356.com
44	1	1	2345	www.160269.com
44	1	1	2314	www.160265.com
44	1	1	2339	www.160256.com
44	1	1	2352	www.160187.com
44	1	1	2344	www.153806.com
44	1	1	2359	www.153805.com
44	1	1	2355	www.153606.com
44	1	1	2331	www.152809.com
44	1	1	2360	www.152807.com
44	1	1	2284	www.152806.com
44	1	1	2358	www.152089.com
44	1	1	2334	www.152085.com
44	1	1	2311	www.152029.com
44	1	1	2353	www.151806.com
44	1	1	2349	www.150875.com
44	1	1	2357	www.150869.com
44	1	1	2337	www.152805.com
44	1	1	2329	www.150867.com
44	1	1	2354	www.150865.com
44	1	1	2354	150865.com
44	1	1	2329	150867.com
44	1	1	2337	152805.com
44	1	1	2357	150869.com
44	1	1	2349	150875.com
44	1	1	2353	151806.com
44	1	1	2311	152029.com
44	1	1	2334	152085.com
44	1	1	2358	152089.com
44	1	1	2284	152806.com
44	1	1	2360	152807.com
44	1	1	2331	152809.com
44	1	1	2355	153606.com
44	1	1	2359	153805.com
44	1	1	2344	153806.com
44	1	1	2352	160187.com
44	1	1	2339	160256.com
44	1	1	2314	160265.com
44	1	1	2333	160356.com
44	1	1	2345	160269.com
44	1	1	2332	160367.com
44	1	1	2350	160376.com
44	1	1	2242	160385.com
44	1	1	2343	160386.com
44	1	1	2347	160387.com
44	1	1	2326	160389.com
44	1	1	2328	160536.com
44	1	1	2330	160565.com
44	1	1	2336	160576.com
44	1	1	2335	160596.com
44	1	1	2348	160635.com
44	1	1	2327	160637.com
44	1	1	2351	160639.com
44	1	1	2341	160657.com
44	1	1	2303	160659.com
44	1	1	2338	160675.com
44	1	1	2340	160679.com
44	1	1	2325	160685.com
44	1	1	2286	160687.com
44	1	1	2324	160689.com
44	1	1	2342	160695.com
44	1	1	2625	www.708361.com
44	1	1	2626	www.708369.com
44	1	1	2627	www.708535.com
44	1	1	2628	www.708536.com
44	1	1	2629	www.708539.com
44	1	1	2630	www.708551.com
44	1	1	2631	www.708552.com
44	1	1	2632	www.708553.com
44	1	1	2633	www.708556.com
44	1	1	2634	www.708559.com
44	1	1	2635	www.708561.com
44	1	1	2636	www.708562.com
44	1	1	2637	www.708563.com
44	1	1	2638	www.708591.com
44	1	1	2639	www.708592.com
44	1	1	2640	www.708593.com
44	1	1	2641	www.708595.com
44	1	1	2642	www.708596.com
44	1	1	2643	www.708612.com
44	1	1	2644	www.708613.com
44	1	1	2645	www.708615.com
44	1	1	2646	www.708616.com
44	1	1	2647	www.708619.com
44	1	1	2648	www.708621.com
44	1	1	2649	www.708623.com
44	1	1	2650	www.708625.com
44	1	1	2652	www.708626.com
44	1	1	2653	www.708629.com
44	1	1	2655	www.708631.com
44	1	1	2656	www.708632.com
44	1	1	2658	www.708635.com
44	1	1	2659	www.708636.com
44	1	1	2661	www.708651.com
44	1	1	2663	www.708652.com
44	1	1	2664	www.708653.com
44	1	1	2665	www.708656.com
44	1	1	2666	www.708692.com
44	1	1	2667	www.708695.com
44	1	1	2668	www.708913.com
44	1	1	2669	www.708915.com
44	1	1	2670	www.708916.com
44	1	1	2671	www.708919.com
44	1	1	2672	www.708921.com
44	1	1	2673	www.708923.com
44	1	1	2674	www.708925.com
44	1	1	2662	www.708926.com
44	1	1	2660	www.708929.com
44	1	1	2657	www.708931.com
44	1	1	2654	www.708932.com
44	1	1	2651	www.708939.com
44	1	1	2625	708361.com
44	1	1	2626	708369.com
44	1	1	2627	708535.com
44	1	1	2628	708536.com
44	1	1	2629	708539.com
44	1	1	2630	708551.com
44	1	1	2631	708552.com
44	1	1	2632	708553.com
44	1	1	2633	708556.com
44	1	1	2634	708559.com
44	1	1	2635	708561.com
44	1	1	2636	708562.com
44	1	1	2637	708563.com
44	1	1	2638	708591.com
44	1	1	2639	708592.com
44	1	1	2640	708593.com
44	1	1	2641	708595.com
44	1	1	2642	708596.com
44	1	1	2643	708612.com
44	1	1	2644	708613.com
44	1	1	2645	708615.com
44	1	1	2646	708616.com
44	1	1	2647	708619.com
44	1	1	2648	708621.com
44	1	1	2649	708623.com
44	1	1	2650	708625.com
44	1	1	2652	708626.com
44	1	1	2653	708629.com
44	1	1	2655	708631.com
44	1	1	2656	708632.com
44	1	1	2658	708635.com
44	1	1	2659	708636.com
44	1	1	2661	708651.com
44	1	1	2663	708652.com
44	1	1	2664	708653.com
44	1	1	2665	708656.com
44	1	1	2666	708692.com
44	1	1	2667	708695.com
44	1	1	2668	708913.com
44	1	1	2669	708915.com
44	1	1	2670	708916.com
44	1	1	2671	708919.com
44	1	1	2672	708921.com
44	1	1	2673	708923.com
44	1	1	2674	708925.com
44	1	1	2662	708926.com
44	1	1	2660	708929.com
44	1	1	2657	708931.com
44	1	1	2654	708932.com
44	1	1	2651	708939.com
37	3	1	-1	www..baidu.com
10	1	1	-1	88bccp.com
10	1	1	-1	www.88bccp.com
10	3	1	-1	pt.88bccp.com