platId	agentId	domain	type
54	-1	bcpt.688bccp.com	3	1
54	-1	www.688bccp.com	1	1
54	-1	688bccp.com	1	1
46	2309	lbpt.88bccp.com	3	1
46	2260	lb.88bccp.com	1	1
48	-1	sscpt.2373z.com	3	1
48	-1	2373a.com	1	1
48	-1	2373b.com	1	1
48	-1	2373c.com	1	1
48	-1	2373d.com	1	1
48	-1	2373e.com	1	1
48	-1	2373f.com	1	1
48	-1	2373g.com	1	1
48	-1	2373h.com	1	1
48	-1	2373i.com	1	1
48	-1	2373j.com	1	1
48	-1	2373k.com	1	1
48	-1	2373l.com	1	1
48	2411	2373m.com	1	1
48	-1	2373n.com	1	1
48	-1	2373o.com	1	1
48	-1	2373p.com	1	1
48	-1	2373q.com	1	1
48	-1	2373r.com	1	1
48	-1	2373s.com	1	1
48	-1	2373t.com	1	1
48	-1	2373u.com	1	1
48	-1	2373v.com	1	1
48	-1	2373w.com	1	1
48	-1	2373x.com	1	1
48	-1	2373y.com	1	1
48	-1	2373z.com	1	1
48	-1	www.2373a.com	1	1
48	-1	www.2373b.com	1	1
48	-1	www.2373c.com	1	1
48	-1	www.2373d.com	1	1
48	-1	www.2373e.com	1	1
48	-1	www.2373f.com	1	1
48	-1	www.2373g.com	1	1
48	-1	www.2373h.com	1	1
48	-1	www.2373i.com	1	1
48	-1	www.2373j.com	1	1
48	-1	www.2373k.com	1	1
48	-1	www.2373l.com	1	1
48	2411	www.2373m.com	1	1
48	-1	www.2373n.com	1	1
48	-1	www.2373o.com	1	1
48	-1	www.2373p.com	1	1
48	-1	www.2373q.com	1	1
48	-1	www.2373r.com	1	1
48	-1	www.2373s.com	1	1
48	-1	www.2373t.com	1	1
48	-1	www.2373u.com	1	1
48	-1	www.2373v.com	1	1
48	-1	www.2373w.com	1	1
48	-1	www.2373x.com	1	1
48	-1	www.2373y.com	1	1
48	-1	www.2373z.com	1	1
48	-1	agent.2373a.com	2	1
48	2403	101125.com	1	1
48	2404	101129.com	1	1
48	2405	101136.com	1	1
48	2406	101156.com	1	1
48	2407	101220.com	1	1
48	2408	101282.com	1	1
48	2409	101302.com	1	1
48	2410	101363.com	1	1
48	2412	102386.com	1	1
48	-1	102686.com	1	1
48	2413	102816.com	1	1
48	2414	103105.com	1	1
48	2415	103107.com	1	1
48	2416	103186.com	1	1
48	2417	103606.com	1	1
48	2418	103686.com	1	1
48	2419	105583.com	1	1
48	2420	105586.com	1	1
48	2421	105636.com	1	1
48	2422	106036.com	1	1
48	2423	106056.com	1	1
48	2424	106076.com	1	1
48	-1	106096.com	1	1
48	-1	106135.com	1	1
48	-1	106165.com	1	1
48	-1	106167.com	1	1
48	-1	106195.com	1	1
48	-1	106216.com	1	1
48	-1	106235.com	1	1
48	-1	106260.com	1	1
48	-1	106265.com	1	1
48	-1	106267.com	1	1
48	-1	106276.com	1	1
48	-1	106295.com	1	1
48	-1	106316.com	1	1
48	-1	106326.com	1	1
48	-1	106356.com	1	1
48	-1	106367.com	1	1
48	2402	www.101072.com	1	1
48	2403	www.101125.com	1	1
48	2404	www.101129.com	1	1
48	2405	www.101136.com	1	1
48	2406	www.101156.com	1	1
48	2407	www.101220.com	1	1
48	2408	www.101282.com	1	1
48	2409	www.101302.com	1	1
48	2410	www.101363.com	1	1
48	2412	www.102386.com	1	1
48	-1	www.102686.com	1	1
48	2413	www.102816.com	1	1
48	2414	www.103105.com	1	1
48	2415	www.103107.com	1	1
48	2416	www.103186.com	1	1
48	2417	www.103606.com	1	1
48	2418	www.103686.com	1	1
48	2419	www.105583.com	1	1
48	2420	www.105586.com	1	1
48	2421	www.105636.com	1	1
48	2422	www.106036.com	1	1
48	2423	www.106056.com	1	1
48	2424	www.106076.com	1	1
48	-1	www.106096.com	1	1
48	-1	www.106135.com	1	1
48	-1	www.106165.com	1	1
48	-1	www.106167.com	1	1
48	-1	www.106195.com	1	1
48	-1	www.106216.com	1	1
48	-1	www.106235.com	1	1
48	-1	www.106260.com	1	1
48	-1	www.106265.com	1	1
48	-1	www.106267.com	1	1
48	-1	www.106276.com	1	1
48	-1	www.106295.com	1	1
48	-1	www.106316.com	1	1
48	-1	www.106326.com	1	1
48	-1	www.106356.com	1	1
48	-1	www.106367.com	1	1
48	2401	www.101062.com	1	1
48	2402	101072.com	1	1
48	2401	101062.com	1	1
52	-1	szcp111.com	3	1
52	2487	szcp222.com	1	1
52	-1	szpt.szcp111.com	3	1
50	-1	szpt.88bccp.com	3	1
50	-1	sz.88bccp.com	1	1
45	2318	cs.88bccp.com	1	1
45	2275	cspt.88bccp.com	3	1
45	2298	www.baidu.com	1	1
45	-1	sohu.com	1	1
45	-1	www.sohu.com	1	1
45	-1	www.hao123.com	2	1
45	-1	7747a.com:65000	1	1
45	-1	blcagent.88bccp.com	2	1
45	2443	bailecai.88bccp.com	1	1
45	-1	shishicai.88bccp.com	1	1
44	2244	7747a.com	1	1
44	2244	7747aa.com	1	1
44	-1	7747aaa.com	1	1
44	2245	7747b.com	1	1
44	-1	7747bb.com	1	1
44	-1	7747bbb.com	1	1
44	-1	7747c.com	1	1
44	-1	7747d.com	1	1
44	-1	7747e.com	1	1
44	-1	7747f.com	1	1
44	-1	7747kk.com	1	1
44	-1	7747kkk.com	1	1
44	-1	1007747.com	1	1
44	-1	2007747.com	1	1
44	-1	3007747.com	1	1
44	-1	4007747.com	1	1
44	-1	5007747.com	1	1
44	-1	6007747.com	1	1
44	-1	7007747.com	1	1
44	-1	8007747.com	1	1
44	-1	9007747.com	1	1
44	-1	7747001.com	1	1
44	-1	7747003.com	1	1
44	-1	7747005.com	1	1
44	-1	7747009.com	1	1
44	-1	bailecai.com	1	1
44	-1	blc.bet	1	1
44	-1	blcbet.com	1	1
44	2287	wwwbailecai.com	1	1
44	-1	www-bailecai.com	1	1
44	-1	www-blc7747.com	1	1
44	-1	blc7747.com	1	1
44	-1	7747blc.com	1	1
44	-1	7747002.com	1	1
44	-1	7747004.com	1	1
44	-1	7747006.com	1	1
44	-1	7747008.com	1	1
44	2244	www.7747a.com	1	1
44	2244	www.7747aa.com	1	1
44	-1	www.7747aaa.com	1	1
44	2245	www.7747b.com	1	1
44	-1	www.7747bb.com	1	1
44	-1	www.7747bbb.com	1	1
44	-1	www.7747c.com	1	1
44	-1	www.7747d.com	1	1
44	-1	www.7747e.com	1	1
44	-1	www.7747f.com	1	1
44	-1	www.7747kk.com	1	1
44	-1	www.7747kkk.com	1	1
44	-1	www.1007747.com	1	1
44	-1	www.2007747.com	1	1
44	-1	www.3007747.com	1	1
44	-1	www.4007747.com	1	1
44	-1	www.5007747.com	1	1
44	-1	www.6007747.com	1	1
44	-1	www.7007747.com	1	1
44	-1	www.8007747.com	1	1
44	-1	www.9007747.com	1	1
44	-1	www.7747001.com	1	1
44	-1	www.7747003.com	1	1
44	-1	www.7747005.com	1	1
44	-1	www.7747009.com	1	1
44	-1	www.bailecai.com	1	1
44	-1	www.blc.bet	1	1
44	-1	www.blcbet.com	1	1
44	-1	www.wwwbailecai.com	1	1
44	-1	www.www-bailecai.com	1	1
44	-1	www.www-blc7747.com	1	1
44	-1	www.blc7747.com	1	1
44	-1	www.7747blc.com	1	1
44	-1	www.7747002.com	1	1
44	-1	www.7747004.com	1	1
44	-1	www.7747006.com	1	1
44	-1	www.7747008.com	1	1
44	-1	blcpt.6blc.com	3	1
44	2250	150285.com	1	1
44	2250	www.150285.com	1	1
44	2285	150286.com	1	1
44	2285	www.150286.com	1	1
44	2290	150287.com	1	1
44	2290	www.150287.com	1	1
44	2246	150386.com	1	1
44	2246	www.150386.com	1	1
44	2248	150387.com	1	1
44	2248	www.150387.com	1	1
44	2252	150389.com	1	1
44	2252	www.150389.com	1	1
44	2253	150685.com	1	1
44	2253	www.150685.com	1	1
44	2305	150687.com	1	1
44	2305	www.150687.com	1	1
44	2299	150827.com	1	1
44	2299	www.150827.com	1	1
44	2310	150835.com	1	1
44	2310	www.150835.com	1	1
44	2266	7747g.com	1	1
44	-1	7747h.com	1	1
44	-1	7747i.com	1	1
44	-1	7747j.com	1	1
44	-1	7747l.com	1	1
44	-1	7747m.com	1	1
44	-1	7747n.com	1	1
44	-1	7747o.com	1	1
44	-1	7747p.com	1	1
44	-1	7747q.com	1	1
44	-1	7747r.com	1	1
44	-1	7747s.com	1	1
44	-1	7747t.com	1	1
44	-1	7747u.com	1	1
44	-1	7747v.com	1	1
44	2398	7747w.com	1	1
44	2446	7747x.com	1	1
44	-1	7747y.com	1	1
44	2249	7747z.com	1	1
44	2266	www.7747g.com	1	1
44	-1	www.7747h.com	1	1
44	-1	www.7747i.com	1	1
44	-1	www.7747j.com	1	1
44	-1	www.7747l.com	1	1
44	-1	www.7747m.com	1	1
44	-1	www.7747n.com	1	1
44	-1	www.7747o.com	1	1
44	-1	www.7747p.com	1	1
44	-1	www.7747q.com	1	1
44	-1	www.7747r.com	1	1
44	-1	www.7747s.com	1	1
44	-1	www.7747t.com	1	1
44	-1	www.7747u.com	1	1
44	-1	www.7747v.com	1	1
44	2398	www.7747w.com	1	1
44	2446	www.7747x.com	1	1
44	-1	www.7747y.com	1	1
44	2249	www.7747z.com	1	1
44	-1	agent.blcdl.com	2	1
44	2342	www.160695.com	1	1
44	2324	www.160689.com	1	1
44	2286	www.160687.com	1	1
44	2325	www.160685.com	1	1
44	2340	www.160679.com	1	1
44	2338	www.160675.com	1	1
44	2303	www.160659.com	1	1
44	2341	www.160657.com	1	1
44	2351	www.160639.com	1	1
44	2327	www.160637.com	1	1
44	2348	www.160635.com	1	1
44	2335	www.160596.com	1	1
44	2336	www.160576.com	1	1
44	2330	www.160565.com	1	1
44	2328	www.160536.com	1	1
44	2326	www.160389.com	1	1
44	2347	www.160387.com	1	1
44	2343	www.160386.com	1	1
44	2242	www.160385.com	1	1
44	2350	www.160376.com	1	1
44	2332	www.160367.com	1	1
44	2333	www.160356.com	1	1
44	2345	www.160269.com	1	1
44	2314	www.160265.com	1	1
44	2339	www.160256.com	1	1
44	2352	www.160187.com	1	1
44	2344	www.153806.com	1	1
44	2359	www.153805.com	1	1
44	2355	www.153606.com	1	1
44	2331	www.152809.com	1	1
44	2360	www.152807.com	1	1
44	2284	www.152806.com	1	1
44	2358	www.152089.com	1	1
44	2334	www.152085.com	1	1
44	2311	www.152029.com	1	1
44	2353	www.151806.com	1	1
44	2349	www.150875.com	1	1
44	2357	www.150869.com	1	1
44	2337	www.152805.com	1	1
44	2329	www.150867.com	1	1
44	2354	www.150865.com	1	1
44	2354	150865.com	1	1
44	2329	150867.com	1	1
44	2337	152805.com	1	1
44	2357	150869.com	1	1
44	2349	150875.com	1	1
44	2353	151806.com	1	1
44	2311	152029.com	1	1
44	2334	152085.com	1	1
44	2358	152089.com	1	1
44	2284	152806.com	1	1
44	2360	152807.com	1	1
44	2331	152809.com	1	1
44	2355	153606.com	1	1
44	2359	153805.com	1	1
44	2344	153806.com	1	1
44	2352	160187.com	1	1
44	2339	160256.com	1	1
44	2314	160265.com	1	1
44	2333	160356.com	1	1
44	2345	160269.com	1	1
44	2332	160367.com	1	1
44	2350	160376.com	1	1
44	2242	160385.com	1	1
44	2343	160386.com	1	1
44	2347	160387.com	1	1
44	2326	160389.com	1	1
44	2328	160536.com	1	1
44	2330	160565.com	1	1
44	2336	160576.com	1	1
44	2335	160596.com	1	1
44	2348	160635.com	1	1
44	2327	160637.com	1	1
44	2351	160639.com	1	1
44	2341	160657.com	1	1
44	2303	160659.com	1	1
44	2338	160675.com	1	1
44	2340	160679.com	1	1
44	2325	160685.com	1	1
44	2286	160687.com	1	1
44	2324	160689.com	1	1
44	2342	160695.com	1	1
37	-1	www..baidu.com	3	1
10	-1	88bccp.com	1	1
10	-1	www.88bccp.com	1	1
10	-1	pt.88bccp.com	3	1
